729 :  11  17  21  26  36  45    16
728 :   3   6  10  30  34  37    36
727 :   7   8  10  19  21  31    20
726 :   1  11  21  23  34  44    24
725 :   6   7  19  21  41  43    38        
724 :   2   8  33  35  37  41    14      
723 :  20  30  33  35  36  44    22 
722 :  12  14  21  30  39  43    45
721 :   1  28  35  41  43  44    31
720 :   1  12  29  34  36  37    41
719 :   4   8  13  19  20  43    26
718 :   4  11  20  23  32  39    40
717 :   2  11  19  25  28  32    44
716 :   2   6  13  16  29  30    21
715 :   2   7  27  33  41  44    10
714 :   1   7  22  33  37  40    20
713 :   2   5  15  18  19  23    44
712 :  17  20  30  31  33  45    19
711 :  11  15  24  35  37  45    42
710 :   3   4   9  24  25  33    10
709 :  10  18  30  36  39  44    32
708 :   2  10  16  19  34  45     1
707 :   2  12  19  24  39  44    35
706 :   3   4   6  10  28  30    37
705 :   1   6  17  22  28  45    23
704 :   1   4   8  23  33  42    45
703 :  10  28  31  33  41  44    21
702 :   3  13  16  24  26  29     9
701 :   3  10  14  16  36  38    35
700 :  11  23  28  29  30  44    13
699 :   4   5   8  16  21  29     3
698 :   3  11  13  21  33  37    18
697 :   2   5   8  11  33  39    31
696 :   1   7  16  18  34  38    21
695 :   4  18  26  33  34  38    14
694 :   7  15  20  25  33  43    12
693 :   1   6  11  28  34  42    30
692 :   3  11  14  15  32  36    44
691 :  15  27  33  35  43  45    16
690 :  24  25  33  34  38  39    43
689 :   7  17  19  30  36  38    34
688 :   5  15  22  23  34  35     2
687 :   1   8  10  13  28  42    45
686 :   7  12  15  24  25  43    13
685 :   6   7  12  28  38  40    18
684 :   1  11  15  17  25  39    40
683 :   6  13  20  27  28  40    15
682 :  17  23  27  35  38  43     2
681 :  21  24  27  29  43  44     7
680 :   4  10  19  29  32  42    30
679 :   3   5   7  14  26  34    35
678 :   4   5   6  12  25  37    45
677 :  12  15  24  36  41  44    42
676 :   1   8  17  34  39  45    27
675 :   1   8  11  15  18  45     7
674 :   9  10  14  25  27  31    11
673 :   7  10  17  29  33  44     5
672 :   8  21  28  31  36  45    43
671 :   7   9  10  13  31  35    24
670 :  11  18  26  27  40  41    25
669 :   7   8  20  29  33  38     9
668 :  12  14  15  24  27  32     3
667 :  15  17  25  37  42  43    13
666 :   2   4   6  11  17  28    16
665 :   5   6  11  17  38  44    13
664 :  10  20  33  36  41  44     5
663 :   3   5   8  19  38  42    20
662 :   5   6   9  11  15  37    26
661 :   2   3  12  20  27  38    40
660 :   4   9  23  33  39  44    14
659 :   7  18  19  27  29  42    45
658 :   8  19  25  28  32  36    37
657 :  10  14  19  39  40  43    23
656 :   3   7  14  16  31  40    39
655 :   7  37  38  39  40  44    18
654 :  16  21  26  31  36  43     6
653 :   5   6  26  27  38  39     1 
652 :   3  13  15  40  41  44    20
651 :  11  12  16  26  29  44    18
650 :   3   4   7  11  31  41    35  
649 :   3  21  22  33  41  42    20
648 :  13  19  28  37  38  43     4
647 :   5  16  21  23  24  30    29    
646 :   2   9  24  41  43  45    30
645 :   1   4  16  26  40  41    31
644 :   5  13  17  23  28  36     8
643 :  15  24  31  32  33  40    13
642 :   8  17  18  24  39  45    32
641 :  11  18  21  36  37  43    12
640 :  14  15  18  21  26  35    23
639 :   6  15  22  23  25  32    40
638 :   7  18  22  24  31  34     6
637 :   3  16  22  37  38  44    23
636 :   6   7  15  16  20  31    26
635 :  11  13  25  26  29  33    32
634 :   4  10  11  12  20  27    38
633 :   9  12  19  20  39  41    13
632 :  15  18  21  32  35  44     6
631 :   1   2   4  23  31  34     8
630 :   8  17  21  24  27  31    15
629 :  19  28  31  38  43  44     1
628 :   1   7  12  15  23  42    11
627 :   2   9  22  25  31  45    12
626 :  13  14  26  33  40  43    15
625 :   3   6   7  20  21  39    13
624 :   1   7  19  26  27  35    16
623 :   7  13  30  39  41  45    25
622 :   9  15  16  21  28  34    24
621 :   1   2   6  16  19  42     9
620 :   2  16  17  32  39  45    40
619 :   6   8  13  30  35  40    21
618 :   8  16  25  30  42  43    15
617 :   4   5  11  12  24  27    28
616 :   5  13  18  23  40  45     3
615 :  10  17  18  19  23  27    35
614 :   8  21  25  39  40  44    18
613 :   7   8  11  16  41  44    35
612 :   6   9  18  19  25  33    40
611 :   2  22  27  33  36  37    14

610 :  14  18  20  23  28  36    33
609 :   4   8  27  34  39  40    13
608 :   4   8  18  19  39  44    41
607 :   8  14  23  36  38  39    13
606 :   1   5   6  14  20  39    22
605 :   1   2   7   9  10  38    42
604 :   2   6  18  21  33  34    30
603 :   2  19  25  26  27  43    28
602 :  13  14  22  27  30  38     2
601 :   2  16  19  31  34  35    37
600 :   5  11  14  27  29  36    44
599 :   5  12  17  29  34  35    27
598 :   4  12  24  33  38  45    22
597 :   8  10  23  24  35  43    37
596 :   3   4  12  14  25  43    17
595 :   8  24  28  35  38  40     5
594 :   2   8  13  25  28  37     3
593 :   9  10  13  24  33  38    28
592 :   2   5   6  13  28  44    43
591 :   8  13  14  30  38  39     5
590 :  20  30  36  38  41  45    23
589 :   6   8  28  33  38  39    22
588 :   2   8  15  22  25  41    30
587 :  14  21  29  31  32  37    17
586 :   2   7  12  15  21  34     5
585 :   6   7  10  16  38  41     4
584 :   7  18  30  39  40  41    36
583 :   8  17  27  33  40  44    24
582 :   2  12  14  33  40  41    25
581 :   3   5  14  20  42  44    33
580 :   5   7   9  11  32  35    33
579 :   5   7  20  22  37  42    39
578 :   5  12  14  32  34  42    16
577 :  16  17  22  31  34  37    33
576 :  10  11  15  25  35  41    13
575 :   2   8  20  30  33  34     6












